-7.91    54.02   46.095      1.4
-4.281   57.838   49.176    1.318
-10.35   62.312   47.625    1.569
-7.44    70.96    50.52     1.51
-12.55   73.681    57.15    1.747
-10.12    81.09   60.045     1.16
-11.76   86.164   59.431    1.266
-9.53    91.69    63.96     1.05
-5.12     93.3   66.855     0.47
-6.895   98.815   71.011    1.148
-9.605   105.06   73.485    1.365
-10.12   111.62   78.075     1.05
-10.546      115   67.246    0.855
-13.95   120.14   62.595     0.47
-6.177   118.26   86.063    0.887
-1.226   122.87   89.507    1.236
0.865    128.2   95.859     0.88
-2.081   132.73   99.329    0.626
-4.793   137.05   103.42    0.636
-3.658   143.49   103.04    0.562
-4.524   149.58    105.3    0.581
-5.744   154.88   112.26    0.514
-5.27   161.23    115.5     0.47
-10.741    164.9   117.71      0.5
-15.123   170.05   118.56    0.498
-19.604   175.48   120.09    0.557
-25.448   178.82   120.78    0.501
-29.826   182.82   124.78     0.52
-36.55   184.73   124.68     0.47
-41.44   185.42   122.98     0.47
-39.368   190.25   127.92    0.558
-43.001   194.98   132.83    0.539
-46.32   200.28   137.96     0.47
-4.883   167.19   117.26    0.706
-2.72   172.86   119.42     0.58
1.223   179.06   117.54    0.632
4.887   185.13   119.36    0.609
10.19   187.95   120.44     0.47
-2.99   177.62   124.15    0.621
-0.62    181.5   127.06     0.58
