p0[1] soma    0.11    10.37   13.275     3.84
p0b1[0] p0[1]    4.36   23.612   16.431    2.328
p0b1[1] p0b1[0]   5.037   36.554   22.445    1.952
p0b1[2] p0b1[1]   8.383   46.695   31.313    2.098
p0b1[3] p0b1[2]  10.208    57.55    36.75     2.11
p0b1[4] p0b1[3]    12.9    67.97       33     1.74
p0b1b2[0] p0b1[4]    14.3    71.54    37.77     1.63
p0b2[0] p0[1]   -2.68     16.3   13.785     2.56
p0b2b1[0] p0b2[0]   -4.42    24.48   20.925     2.21
p0b2b1b1[0] p0b2b1[0] -14.574    28.63    21.27    2.211
p0b2b1b1[1] p0b2b1b1[0] -24.157   27.871   24.798    2.084
p0b2b1b1[2] p0b2b1b1[1] -34.056   28.393   27.736    1.798
p0b2b1b1[3] p0b2b1b1[2]  -40.34   37.195   27.225    1.778
p0b2b1b1[4] p0b2b1b1[3]  -50.12    40.03   30.615     1.51
p0b2b1b2[0] p0b2b1[0]  -2.365    32.88   17.355    1.778
p0b2b1b2[1] p0b2b1b2[0]  -3.608   43.655    20.07    1.355
p0b2b1b2[2] p0b2b1b2[1]  -5.554   53.414    21.78    1.373
p0b2b1b2[3] p0b2b1b2[2]  -7.205   64.539   23.229    1.219
p0b2b2[0] p0b2[0]  -1.694   27.053    16.66    1.803
p0b2b2[1] p0b2b2[0]  -3.598   30.808   28.398    1.848
p0b2b2[2] p0b2b2[1]  -7.938   32.613   32.325    2.172
p0b2b2[3] p0b2b2[2]  -10.58    36.92   38.955     1.05
p0b2b2b1[0] p0b2b2[3]  -7.532    37.28   45.423    1.021
p0b2b2b1[1] p0b2b2b1[0]   -6.86    41.88   47.115     0.93
p0b2b2b1b1[0] p0b2b2b1[1]   -4.65    40.26   51.375     0.93
p0b2b2b2[0] p0b2b2[3]  -9.248   44.294     44.4    1.403
p0b2b2b2[1] p0b2b2b2[0] -10.526   49.714   49.943    1.368
p1[1] soma  -1.708   15.872     6.12     2.52
p1[2] p1[1]  -4.443   23.322   17.865    2.283
p1[3] p1[2] -11.604   33.552   22.628    1.943
p1[4] p1[3]   -8.14     45.5    26.37     1.86
p1b1[0] p1[4] -15.795   51.463   32.992    1.598
p1b1[1] p1b1[0] -21.246   56.736   34.119    1.415
p1b1[2] p1b1[1] -20.502   63.164    36.75     1.54
p1b2[0] p1[4]  -7.324   47.018    39.65     1.28
p1b2[1] p1b2[0]   -7.91    54.02   46.095      1.4
p2[1] soma  -7.168   -2.696  -1.5135    2.669
p2[2] p2[1]   -6.28   -14.98    -1.53     1.74
p2b1[0] p2[2] -16.843  -17.286     1.53    1.802
p2b1[1] p2b1[0]  -24.42   -23.85    3.735     1.16
p2b1b1[0] p2b1[1]  -21.63   -19.18    10.41     1.16
p2b1b1b1[0] p2b1b1[0] -21.829   -24.66    11.73    1.469
p2b1b1b1[1] p2b1b1b1[0]  -23.84   -29.61    11.22     0.81
p2b1b1b2[0] p2b1b1[0] -27.184  -22.038   19.458    0.936
p2b1b1b2[1] p2b1b1b2[0]  -25.23  -25.484   25.781    1.404
p2b1b2[0] p2b1[1]  -29.88  -19.706   5.7735    1.753
p2b1b2[1] p2b1b2[0] -34.947   -22.47     6.63    1.449
p2b1b2[2] p2b1b2[1] -42.638  -20.758   12.333    1.054
p2b1b2[3] p2b1b2[2] -43.836  -18.436   11.055    3.638
p2b1b2[4] p2b1b2[3] -50.195  -18.226    15.81    1.407
p2b2[0] p2[2] -11.037  -20.603    2.895    1.264
p2b2[1] p2b2[0] -11.059  -30.613     1.53    1.224
p2b2[2] p2b2[1] -11.944  -41.032    3.735    1.189
p2b2[3] p2b2[2]  -8.991  -50.833    3.735    1.033
p2b2[4] p2b2[3]   -6.86   -59.67    4.755     0.81
p3[1] soma   1.177  -10.178   -0.714    2.978
p3[2] p3[1]   -3.37   -21.31     3.57     2.33
p3b1[0] p3[2]  -6.549   -31.33    8.505    2.457
p3b1[1] p3b1[0]  -10.35   -38.93    12.75      1.4
p3b1b1[0] p3b1[1]  -17.57  -33.831   15.315    1.394
p3b1b1[1] p3b1b1[0]  -26.28   -32.94    12.75     1.16
p3b1b1b1[0] p3b1b1[1] -30.611  -30.863     8.85     1.25
p3b1b1b1[1] p3b1b1b1[0] -35.407  -33.999    7.644    1.008
p3b1b1b2[0] p3b1b1[1] -33.167  -33.256    11.73    0.776
p3b1b2[0] p3b1[1]  -4.518  -45.356    14.97    1.582
p3b1b2[1] p3b1b2[0]  -6.472  -53.603    19.05    1.565
p3b1b2[2] p3b1b2[1]  -8.257  -61.827    22.59    1.456
p3b1b2[3] p3b1b2[2]   -6.63   -68.77   28.575     1.16
p3b2[0] p3[2]   -1.16   -24.88    4.755     2.09
p3b2b1[0] p3b2[0]    3.84   -32.14   17.355     1.63
p3b2b1b1[0] p3b2b1[0]   3.046  -40.397   12.075    1.691
p3b2b1b1[1] p3b2b1b1[0]   5.981  -45.739   19.599    1.579
p3b2b1b1[2] p3b2b1b1[1]   6.646  -52.399   27.599    1.457
p3b2b1b1[3] p3b2b1b1[2]   5.796   -57.13   34.512    1.872
p3b2b1b2[0] p3b2b1[0]   6.461  -34.814   24.015    2.322
p3b2b1b2[1] p3b2b1b2[0]   9.546  -36.895    29.25    2.434
p3b2b1b2[2] p3b2b1b2[1]   13.84  -42.548   38.529    1.219
p3b2b1b2[3] p3b2b1b2[2]   15.72  -46.257   49.443    1.155
p3b2b2[0] p3b2[0]  -2.283  -26.725    1.767    2.587
p3b2b2[1] p3b2b2[0]  -0.576  -34.852    3.405    0.908
p3b2b2[2] p3b2b2[1]  -1.653  -42.843   1.0305    0.853
p3b2b2[3] p3b2b2[2]  -2.447  -50.551    0.267    0.786
p3b2b2[4] p3b2b2[3]   -1.32  -57.871  -2.5995    0.798
